27532100
24341557
29622672
34559038
16255685
43392125
45847412
38218776
28885096
14341027
42087065
47989344
46744359
32051221
40945966
53861948
29607546
25274289
23361156
28599530
39139787
45768440
43584444
42098384
49204548
36512846
47795603
36079999
31246326
30139026
38043464
20802493
32502517
18857245
53752216
37592195
26964867
42457991
40661333
28252343
41204152
20307513
57630875
56004402
36082428
59798945
30028285
17400566
23688068
19481460
37444910
53417589
24958776
43017417
23884517
25219972
51492118
36952925
19440162
56304382
40454370
54308078
41331694
30342246
